Max=-3.96943027
Min=-502.73325642
