Max=-24.52653862
Min=-42.04135008
