Max=-1.97290027
Min=-856.09173888
