Max=-0.6278090725
Min=-7.5773239508
